[ffffffff]: 
[00000d30]: 11_voice_NPC_5002_101
[00000d48]: ああ、きみ、丁度良いところに。
[00000d68]: Echo_favs_before_020
[00000d80]: よければこれ、受け取ってくれない？<br>ちょうど手に入ったからさ。
[00000dc8]: Echo_favs_before_030
[00000de0]: あたしが持っているより<br>きみが持っていた方が<br>きっと役に立つし。
[00000e30]: Echo_favs_after_010
[00000e44]: お礼とかそういうのはやめてね。
[00000e64]: Echo_favs_after_020
[00000e78]: これはむしろ、いつもありがとうって<br>あたしからのお返しだからさ。
[00000ec0]: Echo_favs_present_010
[00000ed8]: エコーから『シンセサイザー』を受け取りました。
[00000f08]: Echo_favs_present_020
[00000f20]: エコーから『デバンド』を受け取りました。
[00000f4c]: Echo_favs_present_030
[00000ed8]: エコーから『シンセサイザー』を受け取りました。
[00000f64]: Echo_favs_present_040
[00000f7c]: エコーから『サ・ゾンデ』を受け取りました。
[00000fa8]: Echo_favs_present_050
[00000ed8]: エコーから『シンセサイザー』を受け取りました。
[00000fc0]: Echo_favs_present_060
[00000fd8]: エコーから『シフタ』を受け取りました。
[00001000]: 11_voice_NPC_5002_100
[00001018]: アークスになった、ってことだけで<br>浮かれてたらだめだよ？<br>何をやったかが重要なんだからね。
[00001000]: 11_voice_NPC_5002_100
[00001080]: 困ったことがあったら、あたしに相談！<br>……なんて、偉ぶってみたいんだけど<br>そんな優秀じゃないんだ、あたし。
[000010f8]: Echo_02_020
[00001104]: ま、そういう目的で<br>アークスになったわけじゃないし<br>いいんだけどさー。
[00001158]: 11_voice_NPC_5002_105
[00001170]: 頑張るのはいいことだけど<br>しっかり休むのも、仕事の一つだよ？<br>きちんと休憩、してる？
[00001158]: 11_voice_NPC_5002_105
[000011d4]: ふぁーあっ……ねむ……<br>あ、ごめん、あたし寝付きが悪くて<br>起き抜けとかすっごく弱いんだ……
[00000d30]: 11_voice_NPC_5002_101
[0000123c]: 何でいつもゼノのそばにいるのかって？<br>そりゃあもちろん、あたしはゼノの<br>保護者みたいなものですから。
[000012b0]: Echo_05_020
[000012bc]: ……時々、付き人って言われるけど<br>気にしない、気にしない。<br>……あたしだって、戦えるんだよ？
[00001158]: 11_voice_NPC_5002_105
[00001328]: ゼノはすぐにふらふらとどこかへ<br>行っちゃうから、目が離せないのよね。<br>男の子ってみんなそうなのかな？
[0000139c]: 11_voice_NPC_5002_104
[000013b4]: んー……ついていくのがメインなんだし<br>体力のあるハンターになりたかったな。<br>……あ、いやいや、こっちの話。
[0000142c]: 11_voice_NPC_5002_102
[00001444]: 無理は禁物！<br>これ、お姉さんからの助言。<br>絶対に忘れないでね。
[00001490]: 11_voice_NPC_5002_108
[000014a8]: ……戦闘に慣れすぎないでね。<br>一生懸命なその気持ちは買うけど<br>周りが見えなくなったらおしまいだよ？
[0000139c]: 11_voice_NPC_5002_104
[00001518]: 守るべきものを見失うな、って<br>昔、よく聞かされたんだよねー。<br>あれ、誰から聞いたんだったかな。
[00001000]: 11_voice_NPC_5002_100
[00001584]: 十年前ぐらいは、もっとみんなが<br>殺伐としていて、実際危なかったんだ。<br>よくここまで持ち直したと思うよ。
[0000139c]: 11_voice_NPC_5002_104
[000015f8]: ゼノってば、無茶苦茶なこと言う癖に<br>言ったことは大抵やりとげちゃうから<br>手に負えなくてタイヘンなのよね。
[00001670]: Echo_12_020
[0000167c]: はぁ……思うように出来ない側の<br>気持ちも知って欲しいところよ。
[0000139c]: 11_voice_NPC_5002_104
[000016c4]: ゼノとの比較で、あたしは不真面目って<br>言われるけど、これが精一杯なの。<br>好きな言葉は「無理しない」だしね。
[0000173c]: 11_voice_NPC_5002_103
[00001754]: 心の底から戦いたいって<br>思うようになったらそれはもう病気。<br>休んだ方がいい。
[000017b0]: Echo_14_020
[000017bc]: 気付かないうちに<br>どんどん磨り減っていっちゃうからね。
[0000139c]: 11_voice_NPC_5002_104
[000017fc]: ふぅ……ゼノにあわせるのはタイヘン。<br>もともとハンターでもないのに<br>どこにあれだけの体力があるのかしら。
[00001158]: 11_voice_NPC_5002_105
[00001874]: あたしとゼノ？　幼馴染みだよ。<br>昔っから、今までずっと、幼馴染み。<br>……ずっと、かあ。
[00001490]: 11_voice_NPC_5002_108
[000018d8]: ダーカーとの戦いが終わったあとって<br>アークスは何をやっていくんだろ？<br>……ちょっと気の早すぎる心配かな。
[00001950]: Echo_17_020
[0000195c]: でも、なんかみんな<br>やりたいことがなくなってそうで<br>それがちょっと怖いかも……
[0000139c]: 11_voice_NPC_5002_104
[000019b8]: アークスになる目的は人それぞれ。<br>でも、何か目的があるからアークスに<br>なるわけで、だからみんな頑張る、と。
[00001a30]: Echo_18_020
[00001a3c]: ……目的、かぁ。<br>難しいよね、そういうの。
[00001a70]: 11_voice_NPC_5002_109
[00001a88]: 最近、怪我する人増えたよねぇ。<br>ダーカーの数も増えてきてるみたいだし<br>なんかちょっとイヤな感じ。
[00001000]: 11_voice_NPC_5002_100
[00001af8]: 危なくなったらすぐ逃げる！<br>これ、あたしとゼノで珍しく一致してる<br>見解なんだよね。へへへ。
[00000d30]: 11_voice_NPC_5002_101
[00001b60]: あたしとゼノ、喧嘩しすぎ、って？<br>そうかなあ、そんなことないと思うけど<br>喧嘩するほどなんとやら、ってやつ。
[00001bd8]: Echo_21_020
[00001be4]: あ……べ、べつに<br>仲が良いって言いたいんじゃないわよ？<br>勘違いしないでね、ね？
[00000014 00000000 00000005]: 
[00001d04 00000001 00000000]: 
[00001d08 00000002 00000000]: 
[00001d0c 00000003 00000000]: 
[00001d10 00000004 00000000]: 
[00001d14 00000005 00000000]: 
[00001d18 00000006 00000000]: 
[00001d1c 00000007 00000000]: 
[00001d20 00000008 00000000]: 
[00001d24 00000009 00000000]: 
[0000003c 00000000 00000006]: 
[00001d28 00000001 00000000]: 
[00001d2c 00000002 00000000]: 
[00001d30 00000003 00000000]: 
[00001d34 00000004 00000000]: 
[00001d38 00000005 00000000]: 
[00001d3c 00000006 00000000]: 
[00001d40 00000007 00000000]: 
[00001d44 00000008 00000000]: 
[00001d48 00000009 00000000]: 
[0000006c 00000000 00000001]: 
[00001d4c 00000001 00000000]: 
[00001d50 00000002 00000000]: 
[00001d54 00000003 00000000]: 
[00001d58 00000004 00000000]: 
[00001d5c 00000005 00000000]: 
[00001d60 00000006 00000000]: 
[00001d64 00000007 00000000]: 
[00001d68 00000008 00000000]: 
[00001d6c 00000009 00000000]: 
[00000074 00000000 00000002]: 
[00001d70 00000001 00000000]: 
[00001d74 00000002 00000000]: 
[00001d78 00000003 00000000]: 
[00001d7c 00000004 00000000]: 
[00001d80 00000005 00000000]: 
[00001d84 00000006 00000000]: 
[00001d88 00000007 00000000]: 
[00001d8c 00000008 00000000]: 
[00001d90 00000009 00000000]: 
[00000084 00000000 00000001]: 
[00001d94 00000001 00000000]: 
[00001d98 00000002 00000000]: 
[00001d9c 00000003 00000000]: 
[00001da0 00000004 00000000]: 
[00001da4 00000005 00000000]: 
[00001da8 00000006 00000000]: 
[00001dac 00000007 00000000]: 
[00001db0 00000008 00000000]: 
[00001db4 00000009 00000000]: 
[0000008c 00000000 00000001]: 
[00001db8 00000001 00000000]: 
[00001dbc 00000002 00000000]: 
[00001dc0 00000003 00000000]: 
[00001dc4 00000004 00000000]: 
[00001dc8 00000005 00000000]: 
[00001dcc 00000006 00000000]: 
[00001dd0 00000007 00000000]: 
[00001dd4 00000008 00000000]: 
[00001dd8 00000009 00000000]: 
[00000094 00000000 00000002]: 
[00001ddc 00000001 00000000]: 
[00001de0 00000002 00000000]: 
[00001de4 00000003 00000000]: 
[00001de8 00000004 00000000]: 
[00001dec 00000005 00000000]: 
[00001df0 00000006 00000000]: 
[00001df4 00000007 00000000]: 
[00001df8 00000008 00000000]: 
[00001dfc 00000009 00000000]: 
[000000a4 00000000 00000001]: 
[00001e00 00000001 00000000]: 
[00001e04 00000002 00000000]: 
[00001e08 00000003 00000000]: 
[00001e0c 00000004 00000000]: 
[00001e10 00000005 00000000]: 
[00001e14 00000006 00000000]: 
[00001e18 00000007 00000000]: 
[00001e1c 00000008 00000000]: 
[00001e20 00000009 00000000]: 
[000000ac 00000000 00000001]: 
[00001e24 00000001 00000000]: 
[00001e28 00000002 00000000]: 
[00001e2c 00000003 00000000]: 
[00001e30 00000004 00000000]: 
[00001e34 00000005 00000000]: 
[00001e38 00000006 00000000]: 
[00001e3c 00000007 00000000]: 
[00001e40 00000008 00000000]: 
[00001e44 00000009 00000000]: 
[000000b4 00000000 00000001]: 
[00001e48 00000001 00000000]: 
[00001e4c 00000002 00000000]: 
[00001e50 00000003 00000000]: 
[00001e54 00000004 00000000]: 
[00001e58 00000005 00000000]: 
[00001e5c 00000006 00000000]: 
[00001e60 00000007 00000000]: 
[00001e64 00000008 00000000]: 
[00001e68 00000009 00000000]: 
[000000bc 00000000 00000001]: 
[00001e6c 00000001 00000000]: 
[00001e70 00000002 00000000]: 
[00001e74 00000003 00000000]: 
[00001e78 00000004 00000000]: 
[00001e7c 00000005 00000000]: 
[00001e80 00000006 00000000]: 
[00001e84 00000007 00000000]: 
[00001e88 00000008 00000000]: 
[00001e8c 00000009 00000000]: 
[000000c4 00000000 00000001]: 
[00001e90 00000001 00000000]: 
[00001e94 00000002 00000000]: 
[00001e98 00000003 00000000]: 
[00001e9c 00000004 00000000]: 
[00001ea0 00000005 00000000]: 
[00001ea4 00000006 00000000]: 
[00001ea8 00000007 00000000]: 
[00001eac 00000008 00000000]: 
[00001eb0 00000009 00000000]: 
[000000cc 00000000 00000001]: 
[00001eb4 00000001 00000000]: 
[00001eb8 00000002 00000000]: 
[00001ebc 00000003 00000000]: 
[00001ec0 00000004 00000000]: 
[00001ec4 00000005 00000000]: 
[00001ec8 00000006 00000000]: 
[00001ecc 00000007 00000000]: 
[00001ed0 00000008 00000000]: 
[00001ed4 00000009 00000000]: 
[000000d4 00000000 00000002]: 
[00001ed8 00000001 00000000]: 
[00001edc 00000002 00000000]: 
[00001ee0 00000003 00000000]: 
[00001ee4 00000004 00000000]: 
[00001ee8 00000005 00000000]: 
[00001eec 00000006 00000000]: 
[00001ef0 00000007 00000000]: 
[00001ef4 00000008 00000000]: 
[00001ef8 00000009 00000000]: 
[000000e4 00000000 00000001]: 
[00001efc 00000001 00000000]: 
[00001f00 00000002 00000000]: 
[00001f04 00000003 00000000]: 
[00001f08 00000004 00000000]: 
[00001f0c 00000005 00000000]: 
[00001f10 00000006 00000000]: 
[00001f14 00000007 00000000]: 
[00001f18 00000008 00000000]: 
[00001f1c 00000009 00000000]: 
[000000ec 00000000 00000002]: 
[00001f20 00000001 00000000]: 
[00001f24 00000002 00000000]: 
[00001f28 00000003 00000000]: 
[00001f2c 00000004 00000000]: 
[00001f30 00000005 00000000]: 
[00001f34 00000006 00000000]: 
[00001f38 00000007 00000000]: 
[00001f3c 00000008 00000000]: 
[00001f40 00000009 00000000]: 
[000000fc 00000000 00000001]: 
[00001f44 00000001 00000000]: 
[00001f48 00000002 00000000]: 
[00001f4c 00000003 00000000]: 
[00001f50 00000004 00000000]: 
[00001f54 00000005 00000000]: 
[00001f58 00000006 00000000]: 
[00001f5c 00000007 00000000]: 
[00001f60 00000008 00000000]: 
[00001f64 00000009 00000000]: 
[00000104 00000000 00000001]: 
[00001f68 00000001 00000000]: 
[00001f6c 00000002 00000000]: 
[00001f70 00000003 00000000]: 
[00001f74 00000004 00000000]: 
[00001f78 00000005 00000000]: 
[00001f7c 00000006 00000000]: 
[00001f80 00000007 00000000]: 
[00001f84 00000008 00000000]: 
[00001f88 00000009 00000000]: 
[0000010c 00000000 00000002]: 
[00001f8c 00000001 00000000]: 
[00001f90 00000002 00000000]: 
[00001f94 00000003 00000000]: 
[00001f98 00000004 00000000]: 
[00001f9c 00000005 00000000]: 
[00001fa0 00000006 00000000]: 
[00001fa4 00000007 00000000]: 
[00001fa8 00000008 00000000]: 
[00001fac 00000009 00000000]: 
[0000011c 00000000 00000002]: 
[00001fb0 00000001 00000000]: 
[00001fb4 00000002 00000000]: 
[00001fb8 00000003 00000000]: 
[00001fbc 00000004 00000000]: 
[00001fc0 00000005 00000000]: 
[00001fc4 00000006 00000000]: 
[00001fc8 00000007 00000000]: 
[00001fcc 00000008 00000000]: 
[00001fd0 00000009 00000000]: 
[0000012c 00000000 00000001]: 
[00001fd4 00000001 00000000]: 
[00001fd8 00000002 00000000]: 
[00001fdc 00000003 00000000]: 
[00001fe0 00000004 00000000]: 
[00001fe4 00000005 00000000]: 
[00001fe8 00000006 00000000]: 
[00001fec 00000007 00000000]: 
[00001ff0 00000008 00000000]: 
[00001ff4 00000009 00000000]: 
[00000134 00000000 00000001]: 
[00001ff8 00000001 00000000]: 
[00001ffc 00000002 00000000]: 
[00002000 00000003 00000000]: 
[00002004 00000004 00000000]: 
[00002008 00000005 00000000]: 
[0000200c 00000006 00000000]: 
[00002010 00000007 00000000]: 
[00002014 00000008 00000000]: 
[00002018 00000009 00000000]: 
[0000013c 00000000 00000002]: 
[0000201c 00000001 00000000]: 
[00002020 00000002 00000000]: 
[00002024 00000003 00000000]: 
[00002028 00000004 00000000]: 
[0000202c 00000005 00000000]: 
[00002030 00000006 00000000]: 
[00002034 00000007 00000000]: 
[00002038 00000008 00000000]: 
[0000203c 00000009 00000000]: 
[00001c40]: favs
[0000014c 0000000a]: 
[00001c48]: favpresent
[000001c4 0000000a]: 
[00001c54]: C023
[0000023c 0000000a]: 
[00001c5c]: C024
[000002b4 0000000a]: 
[00001c64]: C025
[0000032c 0000000a]: 
[00001c6c]: C026
[000003a4 0000000a]: 
[00001c74]: C027
[0000041c 0000000a]: 
[00001c7c]: C028
[00000494 0000000a]: 
[00001c84]: C029
[0000050c 0000000a]: 
[00001c8c]: C030
[00000584 0000000a]: 
[00001c94]: C031
[000005fc 0000000a]: 
[00001c9c]: C032
[00000674 0000000a]: 
[00001ca4]: C033
[000006ec 0000000a]: 
[00001cac]: C034
[00000764 0000000a]: 
[00001cb4]: C035
[000007dc 0000000a]: 
[00001cbc]: C036
[00000854 0000000a]: 
[00001cc4]: C037
[000008cc 0000000a]: 
[00001ccc]: C038
[00000944 0000000a]: 
[00001cd4]: C039
[000009bc 0000000a]: 
[00001cdc]: C040
[00000a34 0000000a]: 
[00001ce4]: C041
[00000aac 0000000a]: 
[00001cec]: C042
[00000b24 0000000a]: 
[00001cf4]: C043
[00000b9c 0000000a]: 
[00000c14 00000017]: 
[pso2]
11_voice_NPC_5002_101 = ああ、きみ、丁度良いところに。
Echo_favs_before_020 = よければこれ、受け取ってくれない？<br>ちょうど手に入ったからさ。
Echo_favs_before_030 = あたしが持っているより<br>きみが持っていた方が<br>きっと役に立つし。
Echo_favs_after_010 = お礼とかそういうのはやめてね。
Echo_favs_after_020 = これはむしろ、いつもありがとうって<br>あたしからのお返しだからさ。
Echo_favs_present_010 = エコーから『シンセサイザー』を受け取りました。
Echo_favs_present_020 = エコーから『デバンド』を受け取りました。
Echo_favs_present_030 = エコーから『シンセサイザー』を受け取りました。
Echo_favs_present_040 = エコーから『サ・ゾンデ』を受け取りました。
Echo_favs_present_050 = エコーから『シンセサイザー』を受け取りました。
Echo_favs_present_060 = エコーから『シフタ』を受け取りました。
11_voice_NPC_5002_100 = アークスになった、ってことだけで<br>浮かれてたらだめだよ？<br>何をやったかが重要なんだからね。
11_voice_NPC_5002_1001 = 困ったことがあったら、あたしに相談！<br>……なんて、偉ぶってみたいんだけど<br>そんな優秀じゃないんだ、あたし。
Echo_02_020 = ま、そういう目的で<br>アークスになったわけじゃないし<br>いいんだけどさー。
11_voice_NPC_5002_105 = 頑張るのはいいことだけど<br>しっかり休むのも、仕事の一つだよ？<br>きちんと休憩、してる？
11_voice_NPC_5002_1051 = ふぁーあっ……ねむ……<br>あ、ごめん、あたし寝付きが悪くて<br>起き抜けとかすっごく弱いんだ……
11_voice_NPC_5002_1011 = 何でいつもゼノのそばにいるのかって？<br>そりゃあもちろん、あたしはゼノの<br>保護者みたいなものですから。
Echo_05_020 = ……時々、付き人って言われるけど<br>気にしない、気にしない。<br>……あたしだって、戦えるんだよ？
11_voice_NPC_5002_1052 = ゼノはすぐにふらふらとどこかへ<br>行っちゃうから、目が離せないのよね。<br>男の子ってみんなそうなのかな？
11_voice_NPC_5002_104 = んー……ついていくのがメインなんだし<br>体力のあるハンターになりたかったな。<br>……あ、いやいや、こっちの話。
11_voice_NPC_5002_102 = 無理は禁物！<br>これ、お姉さんからの助言。<br>絶対に忘れないでね。
11_voice_NPC_5002_108 = ……戦闘に慣れすぎないでね。<br>一生懸命なその気持ちは買うけど<br>周りが見えなくなったらおしまいだよ？
11_voice_NPC_5002_1041 = 守るべきものを見失うな、って<br>昔、よく聞かされたんだよねー。<br>あれ、誰から聞いたんだったかな。
11_voice_NPC_5002_1002 = 十年前ぐらいは、もっとみんなが<br>殺伐としていて、実際危なかったんだ。<br>よくここまで持ち直したと思うよ。
11_voice_NPC_5002_1042 = ゼノってば、無茶苦茶なこと言う癖に<br>言ったことは大抵やりとげちゃうから<br>手に負えなくてタイヘンなのよね。
Echo_12_020 = はぁ……思うように出来ない側の<br>気持ちも知って欲しいところよ。
11_voice_NPC_5002_1043 = ゼノとの比較で、あたしは不真面目って<br>言われるけど、これが精一杯なの。<br>好きな言葉は「無理しない」だしね。
11_voice_NPC_5002_103 = 心の底から戦いたいって<br>思うようになったらそれはもう病気。<br>休んだ方がいい。
Echo_14_020 = 気付かないうちに<br>どんどん磨り減っていっちゃうからね。
11_voice_NPC_5002_1044 = ふぅ……ゼノにあわせるのはタイヘン。<br>もともとハンターでもないのに<br>どこにあれだけの体力があるのかしら。
11_voice_NPC_5002_1053 = あたしとゼノ？　幼馴染みだよ。<br>昔っから、今までずっと、幼馴染み。<br>……ずっと、かあ。
11_voice_NPC_5002_1081 = ダーカーとの戦いが終わったあとって<br>アークスは何をやっていくんだろ？<br>……ちょっと気の早すぎる心配かな。
Echo_17_020 = でも、なんかみんな<br>やりたいことがなくなってそうで<br>それがちょっと怖いかも……
11_voice_NPC_5002_1045 = アークスになる目的は人それぞれ。<br>でも、何か目的があるからアークスに<br>なるわけで、だからみんな頑張る、と。
Echo_18_020 = ……目的、かぁ。<br>難しいよね、そういうの。
11_voice_NPC_5002_109 = 最近、怪我する人増えたよねぇ。<br>ダーカーの数も増えてきてるみたいだし<br>なんかちょっとイヤな感じ。
11_voice_NPC_5002_1003 = 危なくなったらすぐ逃げる！<br>これ、あたしとゼノで珍しく一致してる<br>見解なんだよね。へへへ。
11_voice_NPC_5002_1012 = あたしとゼノ、喧嘩しすぎ、って？<br>そうかなあ、そんなことないと思うけど<br>喧嘩するほどなんとやら、ってやつ。
Echo_21_020 = あ……べ、べつに<br>仲が良いって言いたいんじゃないわよ？<br>勘違いしないでね、ね？
