[ffffffff]: 
[00000cb4]: 11_voice_NPC_5003_101
[00000ccc]: おっ、相棒、いいタイミングだぜ。
[00000cf0]: Afin_favs_before_020
[00000d08]: 丁度渡したいもんがあったんだよ。<br>ほらこれ、やるよ。
[00000d44]: Afin_favs_before_030
[00000d5c]: おれが持ってても使わないし<br>お前の方が役立ててくれそうだしな。
[00000da4]: Afin_favs_after_010
[00000db8]: 礼とかそういうのはナシナシ。<br>おれと相棒の仲だろ？
[00000df4]: Afin_favs_after_020
[00000e08]: いっつも世話んなってばっかだから<br>このぐらいは、な。へへっ！
[00000e4c]: Afin_favs_present_010
[00000e64]: アフィンから『ピアッシングシェル』を受け取りました。
[00000e9c]: Afin_favs_present_020
[00000eb4]: アフィンから『シンセサイザー』を受け取りました。
[00000ee8]: Afin_favs_present_030
[00000eb4]: アフィンから『シンセサイザー』を受け取りました。
[00000f00]: Afin_favs_present_040
[00000f18]: アフィンから『ワンポイント』を受け取りました。
[00000f48]: Afin_favs_present_050
[00000eb4]: アフィンから『シンセサイザー』を受け取りました。
[00000f60]: Afin_favs_present_060
[00000eb4]: アフィンから『シンセサイザー』を受け取りました。
[00000cb4]: 11_voice_NPC_5003_101
[00000f78]: はー……でっかいところだなぁ。<br>前まで居た居住地区とは大違いだぜ。<br>ま、あっちもすげーでかかったけどさ。
[00000ff0]: 11_voice_NPC_5003_100
[00001008]: 初陣でダーカーに遭遇したけど<br>無事生還って、なにげにおれたち<br>すごい運がいいのかもな。へへっ。
[00001074]: Afin_02_020
[00001080]: あの時はさすがに取り乱しちまったけど<br>何事も前向きに考えないとな。
[000010cc]: 11_voice_NPC_5003_106
[000010e4]: アークスって言っても、普通の人と<br>生活の流れなんかは変わらないんだな。<br>もっと規律然としてるんだと思ってた。
[00001160]: 11_voice_NPC_5003_108
[00001178]: 経験が浅いうちは、行ける範囲や<br>惑星が制限されるんだってさ。
[000011bc]: Afin_04_020
[000011c8]: いろんな惑星行きたいなら<br>頑張って活躍して、認められていけ<br>ってことだな。はー、先は長いぜ。
[00001234]: 11_voice_NPC_5003_104
[0000124c]: アークスは憧れの存在だけど<br>だからって何しても許されるって<br>わけじゃないんだよな、実際。
[000012b4]: Afin_05_020
[000012c0]: 傍若無人に振る舞ってるのも<br>時々いるけど、あれ、こっそり<br>目を付けられてるらしいぜ。
[00000ff0]: 11_voice_NPC_5003_100
[00001324]: しっかし、いい設備してるよな、ここ。<br>ずっとのんびりしてたいぐらいだぜ。<br>……任務があったら即、出撃だけど。
[00000ff0]: 11_voice_NPC_5003_100
[000013a0]: スキルって、いろいろあって<br>どれが何か覚えるのタイヘンだよな。<br>おれ、わりとテキトーに習得してる。
[00001410]: Afin_07_020
[0000141c]: でもまあ、覚えておけば<br>役に立つのがスキルってもんだろうし<br>細かいこと気にせずにやってこーぜ。
[00001234]: 11_voice_NPC_5003_104
[00001488]: うーん……なんだかいまいち<br>しっくりくる武器がないんだよな。<br>なんか新しいやつ、ないもんかなぁ。
[000014f8]: 11_voice_NPC_5003_105
[00001510]: おれの目的は人捜し！<br>だから武器は最低限で、軽いヤツ！
[00001550]: Afin_09_020
[0000155c]: ……って言ってたら<br>真面目に戦えって怒られちまった。<br>不真面目なつもりはないのになー。
[000014f8]: 11_voice_NPC_5003_105
[000015c0]: おれたちはクラスを変更できるけど<br>先輩方は適性で決まっちゃうんだよな。<br>……なんで変更可能になったんだろ？
[00001234]: 11_voice_NPC_5003_104
[00001638]: アークスのなかには、戦闘だけじゃなく<br>情報屋的なチームもいるらしいぜ。<br>……おれもそうなろうかなぁ。
[00001234]: 11_voice_NPC_5003_104
[000016ac]: うーん、人捜しってむずいもんだな<br>わかっちゃいたけど時間かかりそうだ。<br>ま、焦らずゆっくりやるかな。
[00001720]: 11_voice_NPC_5003_109
[00001738]: 最近、ふいにダーカー出現！<br>みたいなのが多い気がするんだよな。<br>おれの気のせいかな？
[00000cb4]: 11_voice_NPC_5003_101
[0000179c]: クライアントオーダーこなして<br>いろいろ感謝されるとさ、なんだか<br>こっちも嬉しくなるよな。へへっ。
[00001160]: 11_voice_NPC_5003_108
[0000180c]: お前は勇気がないけど、勇気がないのを<br>自覚してるからいいって、この前先輩に<br>言われたんだよ。失礼しちゃうよなぁ。
[0000188c]: Afin_15_020
[00001898]: でも、一番怖いのは、勇気がないのに<br>あると勘違いしてるヤツなんだってさ。<br>……いわゆる、無謀ってやつなのかな。
[000014f8]: 11_voice_NPC_5003_105
[00001914]: ふと思ったんだけどさ、ダーカーって<br>いつからおれたちの敵なんだろうな？<br>いやあ、歴史には疎くて……
[00001234]: 11_voice_NPC_5003_104
[00001984]: アークスは皆の憧れ……だけども<br>こんなにしんどいもんだとは<br>思わなかったなぁ……はあ。
[00000ff0]: 11_voice_NPC_5003_100
[000019e8]: アークス内で一番えらい人たち……<br>六芒均衡だっけ？　どんなんなんだろ。<br>揃いも揃ってムキムキだったり？
[00001a5c]: Afin_18_020
[00001a68]: ……なーんて、案外その辺りを<br>ふつーに歩いてたりしてな。<br>もう会っちゃってたり、とか？
[00001720]: 11_voice_NPC_5003_109
[00001acc]: 直接アークスシップが襲われたのに<br>みんな慌ててないって不思議だよな。<br>よくあること、とか言われる始末。
[00001b40]: Afin_19_020
[00001b4c]: ……それを普通と思っちまうのって<br>なんかいろいろおかしくなってる証拠の<br>ような気がするんだよなあ。
[00001234]: 11_voice_NPC_5003_104
[00001bbc]: おれは別に<br>誰かを守りたいって気持ちで<br>アークスになったわけじゃないけど……
[00001c18]: Afin_20_020
[00001c24]: やっぱ、ここを攻められたりすると<br>守りたいって自然と思うんだな。<br>なんか、自分自身がすっげえ不思議。
[00000014 00000000 00000005]: 
[00001d54 00000001 00000000]: 
[00001d58 00000002 00000000]: 
[00001d5c 00000003 00000000]: 
[00001d60 00000004 00000000]: 
[00001d64 00000005 00000000]: 
[00001d68 00000006 00000000]: 
[00001d6c 00000007 00000000]: 
[00001d70 00000008 00000000]: 
[00001d74 00000009 00000000]: 
[0000003c 00000000 00000006]: 
[00001d78 00000001 00000000]: 
[00001d7c 00000002 00000000]: 
[00001d80 00000003 00000000]: 
[00001d84 00000004 00000000]: 
[00001d88 00000005 00000000]: 
[00001d8c 00000006 00000000]: 
[00001d90 00000007 00000000]: 
[00001d94 00000008 00000000]: 
[00001d98 00000009 00000000]: 
[0000006c 00000000 00000001]: 
[00001d9c 00000001 00000000]: 
[00001da0 00000002 00000000]: 
[00001da4 00000003 00000000]: 
[00001da8 00000004 00000000]: 
[00001dac 00000005 00000000]: 
[00001db0 00000006 00000000]: 
[00001db4 00000007 00000000]: 
[00001db8 00000008 00000000]: 
[00001dbc 00000009 00000000]: 
[00000074 00000000 00000002]: 
[00001dc0 00000001 00000000]: 
[00001dc4 00000002 00000000]: 
[00001dc8 00000003 00000000]: 
[00001dcc 00000004 00000000]: 
[00001dd0 00000005 00000000]: 
[00001dd4 00000006 00000000]: 
[00001dd8 00000007 00000000]: 
[00001ddc 00000008 00000000]: 
[00001de0 00000009 00000000]: 
[00000084 00000000 00000001]: 
[00001de4 00000001 00000000]: 
[00001de8 00000002 00000000]: 
[00001dec 00000003 00000000]: 
[00001df0 00000004 00000000]: 
[00001df4 00000005 00000000]: 
[00001df8 00000006 00000000]: 
[00001dfc 00000007 00000000]: 
[00001e00 00000008 00000000]: 
[00001e04 00000009 00000000]: 
[0000008c 00000000 00000002]: 
[00001e08 00000001 00000000]: 
[00001e0c 00000002 00000000]: 
[00001e10 00000003 00000000]: 
[00001e14 00000004 00000000]: 
[00001e18 00000005 00000000]: 
[00001e1c 00000006 00000000]: 
[00001e20 00000007 00000000]: 
[00001e24 00000008 00000000]: 
[00001e28 00000009 00000000]: 
[0000009c 00000000 00000002]: 
[00001e2c 00000001 00000000]: 
[00001e30 00000002 00000000]: 
[00001e34 00000003 00000000]: 
[00001e38 00000004 00000000]: 
[00001e3c 00000005 00000000]: 
[00001e40 00000006 00000000]: 
[00001e44 00000007 00000000]: 
[00001e48 00000008 00000000]: 
[00001e4c 00000009 00000000]: 
[000000ac 00000000 00000001]: 
[00001e50 00000001 00000000]: 
[00001e54 00000002 00000000]: 
[00001e58 00000003 00000000]: 
[00001e5c 00000004 00000000]: 
[00001e60 00000005 00000000]: 
[00001e64 00000006 00000000]: 
[00001e68 00000007 00000000]: 
[00001e6c 00000008 00000000]: 
[00001e70 00000009 00000000]: 
[000000b4 00000000 00000002]: 
[00001e74 00000001 00000000]: 
[00001e78 00000002 00000000]: 
[00001e7c 00000003 00000000]: 
[00001e80 00000004 00000000]: 
[00001e84 00000005 00000000]: 
[00001e88 00000006 00000000]: 
[00001e8c 00000007 00000000]: 
[00001e90 00000008 00000000]: 
[00001e94 00000009 00000000]: 
[000000c4 00000000 00000001]: 
[00001e98 00000001 00000000]: 
[00001e9c 00000002 00000000]: 
[00001ea0 00000003 00000000]: 
[00001ea4 00000004 00000000]: 
[00001ea8 00000005 00000000]: 
[00001eac 00000006 00000000]: 
[00001eb0 00000007 00000000]: 
[00001eb4 00000008 00000000]: 
[00001eb8 00000009 00000000]: 
[000000cc 00000000 00000002]: 
[00001ebc 00000001 00000000]: 
[00001ec0 00000002 00000000]: 
[00001ec4 00000003 00000000]: 
[00001ec8 00000004 00000000]: 
[00001ecc 00000005 00000000]: 
[00001ed0 00000006 00000000]: 
[00001ed4 00000007 00000000]: 
[00001ed8 00000008 00000000]: 
[00001edc 00000009 00000000]: 
[000000dc 00000000 00000001]: 
[00001ee0 00000001 00000000]: 
[00001ee4 00000002 00000000]: 
[00001ee8 00000003 00000000]: 
[00001eec 00000004 00000000]: 
[00001ef0 00000005 00000000]: 
[00001ef4 00000006 00000000]: 
[00001ef8 00000007 00000000]: 
[00001efc 00000008 00000000]: 
[00001f00 00000009 00000000]: 
[000000e4 00000000 00000001]: 
[00001f04 00000001 00000000]: 
[00001f08 00000002 00000000]: 
[00001f0c 00000003 00000000]: 
[00001f10 00000004 00000000]: 
[00001f14 00000005 00000000]: 
[00001f18 00000006 00000000]: 
[00001f1c 00000007 00000000]: 
[00001f20 00000008 00000000]: 
[00001f24 00000009 00000000]: 
[000000ec 00000000 00000001]: 
[00001f28 00000001 00000000]: 
[00001f2c 00000002 00000000]: 
[00001f30 00000003 00000000]: 
[00001f34 00000004 00000000]: 
[00001f38 00000005 00000000]: 
[00001f3c 00000006 00000000]: 
[00001f40 00000007 00000000]: 
[00001f44 00000008 00000000]: 
[00001f48 00000009 00000000]: 
[000000f4 00000000 00000001]: 
[00001f4c 00000001 00000000]: 
[00001f50 00000002 00000000]: 
[00001f54 00000003 00000000]: 
[00001f58 00000004 00000000]: 
[00001f5c 00000005 00000000]: 
[00001f60 00000006 00000000]: 
[00001f64 00000007 00000000]: 
[00001f68 00000008 00000000]: 
[00001f6c 00000009 00000000]: 
[000000fc 00000000 00000001]: 
[00001f70 00000001 00000000]: 
[00001f74 00000002 00000000]: 
[00001f78 00000003 00000000]: 
[00001f7c 00000004 00000000]: 
[00001f80 00000005 00000000]: 
[00001f84 00000006 00000000]: 
[00001f88 00000007 00000000]: 
[00001f8c 00000008 00000000]: 
[00001f90 00000009 00000000]: 
[00000104 00000000 00000002]: 
[00001f94 00000001 00000000]: 
[00001f98 00000002 00000000]: 
[00001f9c 00000003 00000000]: 
[00001fa0 00000004 00000000]: 
[00001fa4 00000005 00000000]: 
[00001fa8 00000006 00000000]: 
[00001fac 00000007 00000000]: 
[00001fb0 00000008 00000000]: 
[00001fb4 00000009 00000000]: 
[00000114 00000000 00000001]: 
[00001fb8 00000001 00000000]: 
[00001fbc 00000002 00000000]: 
[00001fc0 00000003 00000000]: 
[00001fc4 00000004 00000000]: 
[00001fc8 00000005 00000000]: 
[00001fcc 00000006 00000000]: 
[00001fd0 00000007 00000000]: 
[00001fd4 00000008 00000000]: 
[00001fd8 00000009 00000000]: 
[0000011c 00000000 00000001]: 
[00001fdc 00000001 00000000]: 
[00001fe0 00000002 00000000]: 
[00001fe4 00000003 00000000]: 
[00001fe8 00000004 00000000]: 
[00001fec 00000005 00000000]: 
[00001ff0 00000006 00000000]: 
[00001ff4 00000007 00000000]: 
[00001ff8 00000008 00000000]: 
[00001ffc 00000009 00000000]: 
[00000124 00000000 00000002]: 
[00002000 00000001 00000000]: 
[00002004 00000002 00000000]: 
[00002008 00000003 00000000]: 
[0000200c 00000004 00000000]: 
[00002010 00000005 00000000]: 
[00002014 00000006 00000000]: 
[00002018 00000007 00000000]: 
[0000201c 00000008 00000000]: 
[00002020 00000009 00000000]: 
[00000134 00000000 00000002]: 
[00002024 00000001 00000000]: 
[00002028 00000002 00000000]: 
[0000202c 00000003 00000000]: 
[00002030 00000004 00000000]: 
[00002034 00000005 00000000]: 
[00002038 00000006 00000000]: 
[0000203c 00000007 00000000]: 
[00002040 00000008 00000000]: 
[00002044 00000009 00000000]: 
[00000144 00000000 00000002]: 
[00002048 00000001 00000000]: 
[0000204c 00000002 00000000]: 
[00002050 00000003 00000000]: 
[00002054 00000004 00000000]: 
[00002058 00000005 00000000]: 
[0000205c 00000006 00000000]: 
[00002060 00000007 00000000]: 
[00002064 00000008 00000000]: 
[00002068 00000009 00000000]: 
[00001c98]: favs
[00000154 0000000a]: 
[00001ca0]: favpresent
[000001cc 0000000a]: 
[00001cac]: C044
[00000244 0000000a]: 
[00001cb4]: C045
[000002bc 0000000a]: 
[00001cbc]: C046
[00000334 0000000a]: 
[00001cc4]: C047
[000003ac 0000000a]: 
[00001ccc]: C048
[00000424 0000000a]: 
[00001cd4]: C049
[0000049c 0000000a]: 
[00001cdc]: C050
[00000514 0000000a]: 
[00001ce4]: C051
[0000058c 0000000a]: 
[00001cec]: C052
[00000604 0000000a]: 
[00001cf4]: C053
[0000067c 0000000a]: 
[00001cfc]: C054
[000006f4 0000000a]: 
[00001d04]: C055
[0000076c 0000000a]: 
[00001d0c]: C056
[000007e4 0000000a]: 
[00001d14]: C057
[0000085c 0000000a]: 
[00001d1c]: C058
[000008d4 0000000a]: 
[00001d24]: C059
[0000094c 0000000a]: 
[00001d2c]: C060
[000009c4 0000000a]: 
[00001d34]: C061
[00000a3c 0000000a]: 
[00001d3c]: C062
[00000ab4 0000000a]: 
[00001d44]: C063
[00000b2c 0000000a]: 
[00000ba4 00000016]: 
[pso2]
11_voice_NPC_5003_101 = おっ、相棒、いいタイミングだぜ。
Afin_favs_before_020 = 丁度渡したいもんがあったんだよ。<br>ほらこれ、やるよ。
Afin_favs_before_030 = おれが持ってても使わないし<br>お前の方が役立ててくれそうだしな。
Afin_favs_after_010 = 礼とかそういうのはナシナシ。<br>おれと相棒の仲だろ？
Afin_favs_after_020 = いっつも世話んなってばっかだから<br>このぐらいは、な。へへっ！
Afin_favs_present_010 = アフィンから『ピアッシングシェル』を受け取りました。
Afin_favs_present_020 = アフィンから『シンセサイザー』を受け取りました。
Afin_favs_present_030 = アフィンから『シンセサイザー』を受け取りました。
Afin_favs_present_040 = アフィンから『ワンポイント』を受け取りました。
Afin_favs_present_050 = アフィンから『シンセサイザー』を受け取りました。
Afin_favs_present_060 = アフィンから『シンセサイザー』を受け取りました。
11_voice_NPC_5003_1011 = はー……でっかいところだなぁ。<br>前まで居た居住地区とは大違いだぜ。<br>ま、あっちもすげーでかかったけどさ。
11_voice_NPC_5003_100 = 初陣でダーカーに遭遇したけど<br>無事生還って、なにげにおれたち<br>すごい運がいいのかもな。へへっ。
Afin_02_020 = あの時はさすがに取り乱しちまったけど<br>何事も前向きに考えないとな。
11_voice_NPC_5003_106 = アークスって言っても、普通の人と<br>生活の流れなんかは変わらないんだな。<br>もっと規律然としてるんだと思ってた。
11_voice_NPC_5003_108 = 経験が浅いうちは、行ける範囲や<br>惑星が制限されるんだってさ。
Afin_04_020 = いろんな惑星行きたいなら<br>頑張って活躍して、認められていけ<br>ってことだな。はー、先は長いぜ。
11_voice_NPC_5003_104 = アークスは憧れの存在だけど<br>だからって何しても許されるって<br>わけじゃないんだよな、実際。
Afin_05_020 = 傍若無人に振る舞ってるのも<br>時々いるけど、あれ、こっそり<br>目を付けられてるらしいぜ。
11_voice_NPC_5003_1001 = しっかし、いい設備してるよな、ここ。<br>ずっとのんびりしてたいぐらいだぜ。<br>……任務があったら即、出撃だけど。
11_voice_NPC_5003_1002 = スキルって、いろいろあって<br>どれが何か覚えるのタイヘンだよな。<br>おれ、わりとテキトーに習得してる。
Afin_07_020 = でもまあ、覚えておけば<br>役に立つのがスキルってもんだろうし<br>細かいこと気にせずにやってこーぜ。
11_voice_NPC_5003_1041 = うーん……なんだかいまいち<br>しっくりくる武器がないんだよな。<br>なんか新しいやつ、ないもんかなぁ。
11_voice_NPC_5003_105 = おれの目的は人捜し！<br>だから武器は最低限で、軽いヤツ！
Afin_09_020 = ……って言ってたら<br>真面目に戦えって怒られちまった。<br>不真面目なつもりはないのになー。
11_voice_NPC_5003_1051 = おれたちはクラスを変更できるけど<br>先輩方は適性で決まっちゃうんだよな。<br>……なんで変更可能になったんだろ？
11_voice_NPC_5003_1042 = アークスのなかには、戦闘だけじゃなく<br>情報屋的なチームもいるらしいぜ。<br>……おれもそうなろうかなぁ。
11_voice_NPC_5003_1043 = うーん、人捜しってむずいもんだな<br>わかっちゃいたけど時間かかりそうだ。<br>ま、焦らずゆっくりやるかな。
11_voice_NPC_5003_109 = 最近、ふいにダーカー出現！<br>みたいなのが多い気がするんだよな。<br>おれの気のせいかな？
11_voice_NPC_5003_1012 = クライアントオーダーこなして<br>いろいろ感謝されるとさ、なんだか<br>こっちも嬉しくなるよな。へへっ。
11_voice_NPC_5003_1081 = お前は勇気がないけど、勇気がないのを<br>自覚してるからいいって、この前先輩に<br>言われたんだよ。失礼しちゃうよなぁ。
Afin_15_020 = でも、一番怖いのは、勇気がないのに<br>あると勘違いしてるヤツなんだってさ。<br>……いわゆる、無謀ってやつなのかな。
11_voice_NPC_5003_1052 = ふと思ったんだけどさ、ダーカーって<br>いつからおれたちの敵なんだろうな？<br>いやあ、歴史には疎くて……
11_voice_NPC_5003_1044 = アークスは皆の憧れ……だけども<br>こんなにしんどいもんだとは<br>思わなかったなぁ……はあ。
11_voice_NPC_5003_1003 = アークス内で一番えらい人たち……<br>六芒均衡だっけ？　どんなんなんだろ。<br>揃いも揃ってムキムキだったり？
Afin_18_020 = ……なーんて、案外その辺りを<br>ふつーに歩いてたりしてな。<br>もう会っちゃってたり、とか？
11_voice_NPC_5003_1091 = 直接アークスシップが襲われたのに<br>みんな慌ててないって不思議だよな。<br>よくあること、とか言われる始末。
Afin_19_020 = ……それを普通と思っちまうのって<br>なんかいろいろおかしくなってる証拠の<br>ような気がするんだよなあ。
11_voice_NPC_5003_1045 = おれは別に<br>誰かを守りたいって気持ちで<br>アークスになったわけじゃないけど……
Afin_20_020 = やっぱ、ここを攻められたりすると<br>守りたいって自然と思うんだな。<br>なんか、自分自身がすっげえ不思議。
