[ffffffff]: 
[000002d8]: 11_voice_NPC_5016_106
[000002f0]: ……何か用？<br>あたし、大した情報持ってないわよ？
[00000328]: 11_voice_NPC_5016_102
[00000340]: ……あなた、よく見るわね。<br>まるで、どこにでも『いる』みたい。<br>まあ、あたしには関係ないけど。
[000003ac]: 11_voice_NPC_5016_104
[000003c4]: 困ったら、手当たり次第に<br>話を聞きに行け、とあたしは習ったわ。<br>あなたも迷ったらそうすれば？
[00000430]: 11_voice_NPC_5016_100
[00000448]: 字面が綺麗で、聞こえの良い<br>うわべの情報に騙されないこと。<br>あなたが見たことが、本当のことよ。
[00000430]: 11_voice_NPC_5016_100
[000004b4]: 常に冷静でいること。それが理想。<br>……たとえ、目の前にどれだけ<br>許しがたい現象が存在しても、ね。
[00000014 00000000 00000001]: 
[00000554 00000001 00000000]: 
[00000558 00000002 00000000]: 
[0000055c 00000003 00000000]: 
[00000560 00000004 00000000]: 
[00000564 00000005 00000000]: 
[00000568 00000006 00000000]: 
[0000056c 00000007 00000000]: 
[00000570 00000008 00000000]: 
[00000574 00000009 00000000]: 
[0000001c 00000000 00000001]: 
[00000578 00000001 00000000]: 
[0000057c 00000002 00000000]: 
[00000580 00000003 00000000]: 
[00000584 00000004 00000000]: 
[00000588 00000005 00000000]: 
[0000058c 00000006 00000000]: 
[00000590 00000007 00000000]: 
[00000594 00000008 00000000]: 
[00000598 00000009 00000000]: 
[00000024 00000000 00000001]: 
[0000059c 00000001 00000000]: 
[000005a0 00000002 00000000]: 
[000005a4 00000003 00000000]: 
[000005a8 00000004 00000000]: 
[000005ac 00000005 00000000]: 
[000005b0 00000006 00000000]: 
[000005b4 00000007 00000000]: 
[000005b8 00000008 00000000]: 
[000005bc 00000009 00000000]: 
[0000002c 00000000 00000001]: 
[000005c0 00000001 00000000]: 
[000005c4 00000002 00000000]: 
[000005c8 00000003 00000000]: 
[000005cc 00000004 00000000]: 
[000005d0 00000005 00000000]: 
[000005d4 00000006 00000000]: 
[000005d8 00000007 00000000]: 
[000005dc 00000008 00000000]: 
[000005e0 00000009 00000000]: 
[00000034 00000000 00000001]: 
[000005e4 00000001 00000000]: 
[000005e8 00000002 00000000]: 
[000005ec 00000003 00000000]: 
[000005f0 00000004 00000000]: 
[000005f4 00000005 00000000]: 
[000005f8 00000006 00000000]: 
[000005fc 00000007 00000000]: 
[00000600 00000008 00000000]: 
[00000604 00000009 00000000]: 
[00000524]: C191
[0000003c 0000000a]: 
[0000052c]: C192
[000000b4 0000000a]: 
[00000534]: C193
[0000012c 0000000a]: 
[0000053c]: C194
[000001a4 0000000a]: 
[00000544]: C195
[0000021c 0000000a]: 
[00000294 00000005]: 
[pso2]
11_voice_NPC_5016_106 = ……何か用？<br>あたし、大した情報持ってないわよ？
11_voice_NPC_5016_102 = ……あなた、よく見るわね。<br>まるで、どこにでも『いる』みたい。<br>まあ、あたしには関係ないけど。
11_voice_NPC_5016_104 = 困ったら、手当たり次第に<br>話を聞きに行け、とあたしは習ったわ。<br>あなたも迷ったらそうすれば？
11_voice_NPC_5016_100 = 字面が綺麗で、聞こえの良い<br>うわべの情報に騙されないこと。<br>あなたが見たことが、本当のことよ。
11_voice_NPC_5016_1001 = 常に冷静でいること。それが理想。<br>……たとえ、目の前にどれだけ<br>許しがたい現象が存在しても、ね。
